
time_locs = 0.0013798369909636676
time_desc = 3.467086744029075

time_locs = 0.00194452702999115
time_desc = 4.099308079981711
0 frame: 
time_crn_dt = 0.11866433301474899
time_brief = 7.5705288159660995
time_match = 0.36149454896803945
time_homo = 0.017591832031030208
time_resize = 0.0022141129593364894
time_composite = 0.006723149970639497
-------------------------

time_locs = 0.0013170900056138635
time_desc = 3.367591536953114

time_locs = 0.0014562139986082911
time_desc = 3.8778143319650553
20 frame: 
time_crn_dt = 0.10044569504680112
time_brief = 7.248388179054018
time_match = 0.3427254020352848
time_homo = 0.005725611990783364
time_resize = 0.0009581120102666318
time_composite = 0.0024902020231820643
-------------------------

time_locs = 0.001287577033508569
time_desc = 3.3483148170053028

time_locs = 0.0014632249949499965
time_desc = 3.8747394240344875
40 frame: 
time_crn_dt = 0.09615042497171089
time_brief = 7.226034865016118
time_match = 0.34129151998786256
time_homo = 0.005046261008828878
time_resize = 0.0012259199866093695
time_composite = 0.002812358026858419
-------------------------
Total Speed = 1/(total_time/total_frames) = 0.12845543164401513 FPS
